                                                                                                                                                                    統計時間 2026.7.21~2026.7.23

      全隊累計         155   116   37    43   27    3    0      0      0    39   26          3   0    13       29           2      3       46     0.371 0.529 0.397      0.926 0.026 100.00
                                                                                                                                                                                                                盜壘                          捕手                       投手
                                                                                                                                                                                                                                  失誤
              G    PA   AB    R    H   RBI   2B   3B   HR     SF      BB     K       E     DP    AO      GO        FC       XBH      TB        AVG    OBP   SLG      OPS        IsoP              姓名    成功      失敗         成功率        捕逸 阻殺 被盜壘 勝投 敗投 救援 局數 被安打 K+SO                 BB+D
背號    姓名                                                                                                                                                                                OPS+                                      總計
            (出賽數) (打席) (打數) (得分) (安打) (打點) (2安) (3安) (全壘打) (高飛犧牲打) (4壞、觸身) (三振)    (失誤上壘) (雙殺) (飛球出局)   (滾地出局)    (野選上壘)    (⾧打)   (總計壘打數)    (打擊率) (上壘率) (⾧打率)     (整體攻擊指數)   (純⾧打率)                   (SB)    (CS)       (SB%)      (PB) (CS) (SB) (W) (L) (SV) (IP)  (H)   (三振)   (4壞、觸身)

1    何益宏        6    18   16    4    9     3    0    0    0      0       2     2        0     0     4         1         0      0          9     0.563 0.611 0.563     1.174     0.000   157.36   何益宏        3          0    100%    5    2    1     2  0    0   0 1.0       1    2         3
2    林立維        5    13    8    4    4     3    0    0    0      0       5     1        0     0     1         2         0      0          4     0.500 0.692 0.500     1.192     0.000   156.95   林立維        8          0    100%    4    0    0     0  0    1   1 4.2       7    3         5
3    廖莊睿哲       5     5    4    0    1     0    0    0    0      0       1     3        0     0     0         0         0      0          1     0.250 0.400 0.250     0.650     0.000    38.65   廖莊睿哲       2          0    100%    1    0    0     0  0    0   0 0.0       0    0         0
4     黃𡩣        5     8    3    2    1     0    0    0    0      0       5     1        0     0     0         1         0      0          1     0.333 0.750 0.333     1.083     0.000   125.83    黃𡩣        6          0    100%    0    0    0     0  0    0   0 0.0       0    0         0
5    安冠宇        5    11   10    2    3     1    2    0    0      0       1     3        1     0     0         3         0      2          5     0.300 0.364 0.500     0.864     0.200    94.82   安冠宇        2          0    100%    4    0    0     0  0    0   0 0.1       1    0         3
6    曹森評        6    17   13    2    3     3    0    0    0      0       4     0        1     0     1         7         1      0          3     0.231 0.412 0.231     0.643     0.000    36.03   曹森評        9          0    100%    3    0    0     0  1    1   0 3.1       3    7         6
8    林品任        5    10    9    2    2     3    0    0    0      0       1     2        1     0     3         1         0      0          2     0.222 0.300 0.222     0.522     0.000    12.75   林品任        5          0    100%    0    0    0     0  0    0   0 0.0       0    0         0
10   許仁義        6    18   10    3    4     1    0    0    0      0       8     3        0     0     0         3         0      0          4     0.400 0.667 0.400     1.067     0.000   126.89   許仁義       11          0    100%    4    2    3     8  0    0   1 1.2       1    2         4
11   孫嘉蔚        3     5    4    1    1     1    0    0    0      0       1     1        0     0     1         1         0      0          1     0.250 0.400 0.250     0.650     0.000    38.65   孫嘉蔚        0          0       0%   0    0    0     0  0    0   0 0.0       0    0         0
12   伍奕睿        6    13   10    6    6     4    1    0    0      0       3     4        0     0     0         0         0      1          7     0.600 0.692 0.700     1.392     0.100   207.38   伍奕睿        4          1      80%   3    0    0     0  0    0   0 0.0       0    0         0
13   王凱毅        6     8    8    4    2     2    0    0    0      0       0     2        0     0     3         1         0      0          2     0.250 0.250 0.250     0.500     0.000    10.30   王凱毅        3          0    100%    1    0    0     0  0    0   0 0.0       0    0         0
14   廖郭恆毅       2     3    1    1    0     0    0    0    0      0       2     1        0     0     0         0         0      0          0     0.000 0.667 0.000     0.667     0.000    26.02   廖郭恆毅       3          0    100%    2    0    0     0  0    0   0 0.0       0    0         0
15   林庠均        5     8    7    1    2     1    0    0    0      0       1     2        0     0     0         3         0      0          2     0.286 0.375 0.286     0.661     0.000    42.93   林庠均        3          0    100%    1    0    0     0  0    0   0 0.0       0    0         0
16   石晨翔        6    18   13    5    5     5    0    0    0      0       5     1        0     0     0         6         1      0          5     0.385 0.556 0.385     0.940     0.000   102.00   石晨翔        4          0    100%    8    9    5     9  3    0   0 12.2      6   10         6
17            0                                                                                                                                                                                                              0%
18            0                                                                                                                                                                                                              0%
19            0                                                                                                                                                                                                              0%
20            0                                                                                                                                                                                                              0%
